23 1 1 1 0.23 0.5 1 0.6 -0.0226398868163081 0.0127046994740663 -1.46663705137331 -0.704185568181383 0.00234082862374721 0.599583222048528 0.0999877793832589 0.0999826829401031 0.09999234522051 0.0999979362247752 0.0311845050992798 -0.000763917978825898 0.0298183809277275 0.000699367686347209 0.0325195308186911 0.00189340309211211 0.0272084244286627 0.012905346954027 -0.000517161537717723 0.0153093732122897 -216647.400771153 0.0669848798067884 980.213017549977 14304.0487756729
44 3 1 1 0.23 0.5 1 0.6 0.0460493813650527 0.0824380189766151 -1.42730429413461 -0.691860823946393 -0.000174160171113834 0.604075394849045 0.0999384687729785 0.10006878604079 0.0999694324567565 0.100001717484932 0.0331613633308648 0.00358927822484819 -0.0279764046431532 0.000911893167777751 0.0324288767624341 5.6578728129482e-05 -0.0278443137001849 0.0138753262408213 0.00231154186882595 0.0146751138833642 -214816.61188741 0.0659887661475056 1054.18582218202 14473.1411681175
21 3 1 1 0.23 0.5 1 0.9 -0.0275927361298757 -0.0417547858359383 -1.48547926457905 -0.698012631091164 -0.00351000527127953 0.901104254215281 0.100026312885547 0.100043093525211 0.100028994755906 0.100022321898733 0.0313740770124507 0.00016042817429973 -0.0288705477016046 -0.000782877849987988 0.0310344632546144 -0.000602618580179248 -0.029228275808593 0.0124729612794967 -0.00250267778046673 0.0143483207363467 -244326.597546622 0.063943681205621 953.073548730013 15309.1561186314
32 1 1 1 0.23 0.5 1 0.3 -0.0465927709424834 -0.0366417961066181 -1.51916849119041 -0.691838536115549 0.0120313490591837 0.308479197269992 0.100093662066798 0.0999702218850458 0.100086334895152 0.0999410644935091 0.0346334313424118 0.00372842459474754 0.0296281286766603 -0.000821938522325511 0.0317415864632245 -0.000101037274654852 0.0279982981194656 0.0121667156328443 0.000478668490123073 0.0146299112064707 -204557.594426359 0.0706198060164434 940.163295588843 14509.8445894718
32 2 1 1 0.23 0.5 1 0.9 -0.0557533135365306 -0.100402092827232 -1.53566642140397 -0.688246963574885 0.00395682358751244 0.900400244633395 0.0999974024704394 0.100003659176184 0.099996227415927 0.099995249286907 0.0320506846264064 0.00265733880085705 0.000575920415290155 -0.0018235205992246 0.0313856486538156 -0.0013211054566633 9.69231117139667e-05 0.0319458356602421 -0.000821356473297423 0.0314203693123498 -247579.138423642 0.0650077565756809 910.421791864472 16745.8410029411
50 2 1 1 0.23 0.5 1 0.6 -0.00541475838982348 0.114153382610833 -1.41581545831898 -0.723052974488311 0.000168791221760132 0.607520697432532 0.0999390123099007 0.0999784703212023 0.0999495664123836 0.0999676661251996 0.0353189726877037 0.00169940801305651 -0.000516933403023215 0.0033576060803177 0.0311115917817678 0.00126752156041703 0.00300666982387442 0.0307967249576133 -0.00140047021601202 0.0304394176931971 -215452.66718919 0.0711204839130827 1045.13432839052 16966.5031738281
24 1 1 1 0.23 0.5 1 0.9 -0.0391158315466915 -0.0723963321922071 -1.52222162034363 -0.684020122884101 0.00895078459164348 0.898668226603256 0.100014355050495 0.0999757852144078 0.100000308752314 0.0999807706653518 0.0328840387917856 0.000433007381740751 0.0291203733848374 0.000415684688799643 0.0326544512381686 -0.0023324791545137 0.0286243969779452 0.0133852871274955 0.00269691629653183 0.0141415547783712 -252400.416876955 0.0653801886361724 935.228845902266 17674.8811328411
10 3 1 1 0.23 0.5 1 0.6 0.00606106364903579 -0.0562629111744242 -1.46172519510506 -0.697203077013272 -0.0163123596752732 0.603692799159526 0.0999530176721804 0.100021603191772 0.0999514313810935 0.100005217799893 0.0340768553217125 0.00322149200042836 -0.028081136375474 0.000514184839112585 0.0309750221766948 -0.00133244820882008 -0.0273162427925061 0.0122308361813234 0.00188954519421852 0.0155630664325305 -214456.578462289 0.0694057667488285 958.751040666118 18259.0456116199
26 1 1 1 0.23 0.5 1 0.3 -0.050483583040898 -0.0636891684970852 -1.56471966441318 -0.670492942434526 0.0289875543181682 0.299830450835138 0.0999426101338282 0.099953299792273 0.100063942709296 0.100039416156405 0.0355652306861271 0.00936902263971522 0.0278200303068946 -0.000708458495905178 0.031526669452567 0.000643592882897175 0.0295415793338438 0.01246700882755 -0.000312144999559268 0.0135522146671445 -205086.294161314 0.0715700750017698 924.93198721589 17752.9158132076
15 3 1 1 0.23 0.5 1 0.9 -0.022690731087886 -0.0399717937319709 -1.52235030430709 -0.679362889536542 0.0136527367687874 0.899542752105073 0.0999828265429079 0.100006780921252 0.100017509612383 0.100005555587958 0.0300557372019894 0.000618809505670763 -0.0281175490331475 0.00212564436461331 0.0322058971053597 2.82637370076297e-05 -0.0287651487572078 0.0123064485864542 0.00471774750788398 0.0122405713811147 -244768.092656629 0.0664543098828511 956.384798821109 20184.2211816311
21 1 1 1 0.23 0.5 1 0.3 -0.011235102036272 -0.0206178809694463 -1.46010006380344 -0.702147669859058 -0.00951768287274305 0.304156029731118 0.100037154388171 0.100016101444639 0.0999607125043157 0.100054674053913 0.0332214683010165 0.00231414989675394 0.0279192141716553 -3.16492659935993e-05 0.0301816181266923 0.00146224232169754 0.0285541505640255 0.013995086060995 -5.34119988414432e-05 0.0142875127898064 -204240.01390634 0.0688989095652672 966.940664688817 18482.090255022
14 2 1 1 0.23 0.5 1 0.6 -0.0564998487849112 0.0278714397229416 -1.45744357558386 -0.727594095485489 0.00138171197546209 0.603429976542613 0.099976282323866 0.100011739334546 0.0999625951243917 0.100041936170072 0.0311660789988905 0.00350739577817064 -0.00074531841974405 0.000134117424252623 0.0340461666312705 0.00237903916444981 0.00407034599626486 0.0316701607775647 -0.00136678970196303 0.0311929996864778 -215195.862585457 0.0706864292271112 970.786489744305 20263.9079332352
39 2 1 1 0.23 0.5 1 0.6 0.0267398894502482 0.0255822263033128 -1.41077122729786 -0.709528825224924 -0.0216046821474491 0.604777404479828 0.0999694651637156 0.0999369015213574 0.0999599189311562 0.0999662328323408 0.0335029240287253 0.000791009597154075 0.00200560461304764 0.000261397110874326 0.0327145232686841 -4.1595885495615e-05 0.00260212593029582 0.0314749197167159 6.54141575105794e-05 0.030810498924016 -215220.341804606 0.0681047808827037 1012.16080805708 20551.3411192894
23 1 1 1 0.23 0.5 1 0.9 0.00879909821930545 0.0172433109801991 -1.43962648064578 -0.700771882199104 -0.00781550752767811 0.900397658147691 0.0999883979285026 0.100003058841765 0.0999844206774771 0.10000618783251 0.031098824576173 -0.00117125344155907 0.029322980380687 0.00283342017900953 0.0316982410302752 -0.000706848007777794 0.0279454262875338 0.0133902451875441 -0.000383970811456187 0.0142362541870074 -252682.008352557 0.0603296990009747 1006.1853018859 21281.8271563053
25 2 1 1 0.23 0.5 1 0.6 -0.037615064353794 -0.0436836276727123 -1.53275237992716 -0.679767795937773 0.0188483543595514 0.600795579775681 0.100010387625909 0.100071386039676 0.100070769803795 0.100011993875471 0.0288871246999384 -0.00133940980725569 -0.00390388132095827 -0.00668461789821572 0.0335641040986131 0.00591853921398656 0.00410073863431244 0.0315765136432684 0.000347133813124691 0.0328903845359363 -215272.919046928 0.069637664239471 942.352762795042 21313.9816319942
27 2 1 1 0.23 0.5 1 0.9 -0.0237688521720299 -0.0418023635038245 -1.50214762716267 -0.687237254824732 0.00708477894472115 0.898886474203001 0.100014021923009 0.100005958831685 0.100022363082249 0.100027245123983 0.0324328261387524 -0.00216520245845948 -0.00122141055478348 -0.00174414143330158 0.0317603689865526 -0.00116124652503601 0.00171258395380489 0.0303953662921961 -0.000469016839129888 0.0325608548617452 -247577.356384542 0.064819344525972 955.556519707728 22605.8482654095
32 1 1 1 0.23 0.5 1 0.6 -0.0503331960721567 -0.0667202328762572 -1.52580260556581 -0.690471781509829 0.00710381512513705 0.605335253769898 0.100084937544639 0.0999606030342783 0.100073257428305 0.0999455777705159 0.0348538567020071 0.00124313248894731 0.0277040283584119 0.000617035540689919 0.03118772126615 -0.00529718976958251 0.027586423510258 0.0151306084397894 0.00546170765957219 0.0137509016165404 -216601.020313938 0.0693031981458188 924.745786770039 22670.2260067463
44 1 1 1 0.23 0.5 1 0.6 0.0482538626740708 0.0834692258065405 -1.42322690307745 -0.692661275248247 -0.00166978212586509 0.60345724206696 0.099920466052913 0.100077153792588 0.0999698763353905 0.0999930354347136 0.0327881503258173 0.0014128779936032 0.0292711295373293 0.00175788194119379 0.0317131914683434 -0.000772927613548666 0.0283919312528285 0.0121468802634536 0.000110269477442757 0.0141849046110713 -216663.044817861 0.0659088077410093 1056.09185764294 22688.8588681221
7 1 1 1 0.23 0.5 1 0.3 0.0680334905946739 0.0416526043323758 -1.4585855495747 -0.662764303111762 0.00336501945200924 0.30355061475991 0.100068424737537 0.100073274397347 0.10000072058122 0.100023549868384 0.0327775977611873 -0.00192160271520366 0.0251982268047539 -0.00297671392068863 0.0296444407226161 0.00585139599718492 0.0243288626389671 0.0155900021108127 -0.00539238003911843 0.0187134365572029 -204710.880490318 0.070314706607909 1042.29174048581 21143.7002854347
33 1 1 1 0.23 0.5 1 0.9 -0.0442603941968092 -0.0843790671067596 -1.53689382300824 -0.68253879290265 0.0113714453424064 0.900026050880583 0.100010554389197 0.100029727335402 0.100034835429555 0.100033253244894 0.031001975051374 -0.0032644488138437 0.0288914869177722 0.00102506970457316 0.0320552811120757 -0.00165345116922182 0.027654930522907 0.0125463938399681 -0.00125866234031337 0.015101995574754 -252792.801908234 0.0631325658347105 926.537878425018 23233.8103954792
